datasizes <- c(100, 100000, 100000000)
